76|18
58|19
58|49
44|59
44|16
44|25
59|33
59|35
59|51
59|71
79|28
79|76
79|18
79|63
79|44
99|85
99|79
99|55
99|36
99|33
99|63
86|73
86|63
86|18
86|48
86|35
86|11
86|57
98|82
98|76
98|35
98|99
98|32
98|79
98|95
98|29
46|48
46|57
46|75
46|49
46|13
46|98
46|93
46|45
46|44
56|17
56|32
56|86
56|53
56|37
56|36
56|55
56|24
56|11
56|85
85|39
85|92
85|84
85|25
85|45
85|54
85|51
85|61
85|78
85|59
85|21
93|99
93|61
93|82
93|21
93|54
93|56
93|92
93|79
93|58
93|33
93|95
93|24
32|57
32|37
32|19
32|44
32|85
32|13
32|28
32|17
32|55
32|48
32|53
32|78
32|11
35|32
35|92
35|33
35|28
35|79
35|56
35|36
35|54
35|61
35|19
35|71
35|13
35|24
35|16
45|76
45|32
45|71
45|79
45|58
45|24
45|99
45|42
45|51
45|54
45|82
45|29
45|25
45|33
45|84
37|59
37|75
37|86
37|39
37|63
37|57
37|93
37|44
37|11
37|42
37|85
37|18
37|16
37|53
37|36
37|48
18|61
18|21
18|51
18|84
18|73
18|17
18|45
18|39
18|35
18|59
18|48
18|31
18|53
18|54
18|75
18|71
18|25
13|75
13|78
13|86
13|45
13|85
13|59
13|21
13|82
13|39
13|63
13|18
13|17
13|11
13|93
13|44
13|98
13|42
13|31
53|54
53|42
53|75
53|35
53|21
53|31
53|71
53|79
53|99
53|92
53|58
53|98
53|51
53|25
53|45
53|84
53|93
53|61
53|82
63|31
63|59
63|61
63|75
63|25
63|82
63|51
63|35
63|93
63|17
63|84
63|54
63|98
63|42
63|45
63|11
63|48
63|73
63|21
63|39
42|35
42|95
42|54
42|56
42|19
42|33
42|92
42|71
42|24
42|32
42|76
42|51
42|21
42|49
42|55
42|79
42|29
42|58
42|61
42|28
42|25
29|63
29|32
29|76
29|85
29|44
29|19
29|86
29|16
29|49
29|95
29|18
29|37
29|57
29|28
29|55
29|79
29|36
29|11
29|13
29|46
29|24
29|48
19|49
19|31
19|18
19|75
19|73
19|13
19|16
19|44
19|53
19|86
19|36
19|48
19|63
19|39
19|98
19|78
19|46
19|85
19|57
19|37
19|11
19|17
19|59
51|36
51|79
51|92
51|24
51|71
51|54
51|19
51|33
51|61
51|37
51|29
51|44
51|28
51|32
51|76
51|99
51|95
51|35
51|46
51|56
51|55
51|13
51|58
51|49
75|71
75|51
75|35
75|42
75|33
75|25
75|82
75|56
75|29
75|99
75|73
75|61
75|79
75|93
75|58
75|59
75|84
75|39
75|31
75|98
75|21
75|45
75|92
75|54
54|32
54|99
54|76
54|55
54|61
54|49
54|29
54|28
54|24
54|33
54|13
54|46
54|79
54|95
54|86
54|37
54|36
54|19
54|56
54|71
54|92
54|58
54|44
54|16
78|99
78|92
78|75
78|71
78|29
78|59
78|93
78|25
78|33
78|45
78|51
78|21
78|61
78|39
78|42
78|58
78|82
78|54
78|73
78|98
78|31
78|53
78|84
78|35
84|56
84|79
84|95
84|32
84|29
84|71
84|36
84|19
84|33
84|24
84|92
84|99
84|54
84|51
84|55
84|37
84|28
84|58
84|13
84|61
84|46
84|35
84|76
84|49
71|76
71|33
71|57
71|36
71|16
71|13
71|99
71|85
71|86
71|19
71|29
71|95
71|58
71|24
71|37
71|32
71|63
71|46
71|28
71|79
71|49
71|44
71|56
71|55
95|63
95|78
95|85
95|57
95|19
95|46
95|44
95|55
95|17
95|48
95|39
95|18
95|11
95|75
95|76
95|86
95|37
95|36
95|53
95|49
95|73
95|28
95|13
95|16
28|48
28|13
28|17
28|36
28|86
28|11
28|55
28|63
28|49
28|37
28|31
28|16
28|44
28|85
28|76
28|53
28|39
28|57
28|19
28|78
28|46
28|73
28|75
28|18
92|56
92|76
92|95
92|33
92|24
92|36
92|63
92|79
92|71
92|32
92|16
92|57
92|37
92|99
92|29
92|46
92|19
92|44
92|58
92|86
92|49
92|55
92|28
92|13
11|84
11|25
11|18
11|73
11|92
11|98
11|61
11|82
11|59
11|35
11|93
11|54
11|45
11|39
11|48
11|75
11|71
11|31
11|17
11|51
11|21
11|78
11|42
11|53
55|49
55|11
55|16
55|76
55|46
55|85
55|37
55|44
55|73
55|36
55|75
55|57
55|63
55|31
55|17
55|86
55|48
55|18
55|39
55|13
55|53
55|78
55|19
55|59
31|51
31|59
31|82
31|95
31|42
31|71
31|25
31|58
31|24
31|45
31|21
31|61
31|84
31|99
31|92
31|56
31|33
31|54
31|79
31|35
31|29
31|93
31|98
31|32
73|54
73|42
73|71
73|84
73|33
73|93
73|24
73|92
73|79
73|99
73|25
73|31
73|82
73|29
73|59
73|21
73|35
73|32
73|56
73|58
73|98
73|45
73|51
73|61
48|53
48|75
48|58
48|78
48|25
48|98
48|45
48|31
48|73
48|59
48|51
48|93
48|17
48|92
48|84
48|54
48|99
48|21
48|61
48|42
48|71
48|39
48|82
48|35
24|85
24|18
24|28
24|13
24|19
24|76
24|36
24|86
24|55
24|46
24|63
24|39
24|95
24|48
24|57
24|53
24|49
24|78
24|37
24|75
24|17
24|11
24|16
24|44
25|76
25|71
25|21
25|92
25|37
25|99
25|33
25|32
25|35
25|49
25|84
25|61
25|54
25|51
25|29
25|79
25|46
25|95
25|24
25|55
25|58
25|19
25|28
25|56
21|37
21|51
21|92
21|33
21|28
21|36
21|95
21|76
21|35
21|58
21|84
21|46
21|61
21|24
21|71
21|49
21|32
21|55
21|79
21|19
21|29
21|54
21|56
21|99
16|84
16|11
16|57
16|42
16|48
16|86
16|53
16|78
16|98
16|39
16|85
16|59
16|82
16|73
16|63
16|75
16|93
16|25
16|18
16|21
16|17
16|45
16|31
16|51
39|61
39|32
39|25
39|98
39|56
39|45
39|92
39|82
39|93
39|99
39|59
39|79
39|51
39|35
39|42
39|29
39|71
39|73
39|33
39|58
39|21
39|54
39|31
39|84
33|79
33|19
33|11
33|56
33|46
33|49
33|28
33|18
33|85
33|55
33|63
33|13
33|44
33|36
33|86
33|48
33|24
33|16
33|57
33|29
33|76
33|95
33|37
33|32
17|84
17|75
17|42
17|99
17|71
17|53
17|33
17|78
17|98
17|31
17|73
17|25
17|39
17|59
17|93
17|82
17|61
17|21
17|35
17|54
17|92
17|51
17|45
17|58
57|53
57|54
57|18
57|42
57|25
57|73
57|59
57|98
57|51
57|48
57|85
57|21
57|39
57|31
57|17
57|45
57|82
57|63
57|84
57|35
57|78
57|11
57|93
57|75
82|56
82|35
82|24
82|76
82|46
82|19
82|79
82|25
82|99
82|84
82|51
82|32
82|28
82|95
82|71
82|21
82|92
82|58
82|61
82|33
82|54
82|42
82|29
82|55
61|79
61|28
61|13
61|19
61|92
61|24
61|36
61|58
61|71
61|29
61|99
61|55
61|33
61|86
61|46
61|49
61|56
61|32
61|57
61|44
61|16
61|37
61|95
61|76
49|53
49|16
49|17
49|98
49|36
49|86
49|44
49|31
49|13
49|73
49|93
49|63
49|85
49|11
49|18
49|48
49|82
49|57
49|37
49|39
49|78
49|75
49|59
49|45
36|98
36|31
36|53
36|63
36|45
36|75
36|59
36|44
36|85
36|11
36|13
36|39
36|42
36|86
36|93
36|73
36|18
36|78
36|57
36|48
36|82
36|17
36|25
36|16
76|93
76|39
76|75
76|73
76|44
76|16
76|63
76|86
76|59
76|46
76|57
76|37
76|31
76|11
76|36
76|48
76|85
76|17
76|78
76|49
76|13
76|53
76|19
58|99
58|29
58|76
58|36
58|56
58|33
58|79
58|32
58|63
58|37
58|86
58|28
58|11
58|13
58|24
58|44
58|57
58|95
58|46
58|85
58|55
58|16
44|18
44|31
44|21
44|73
44|42
44|98
44|53
44|48
44|57
44|86
44|11
44|45
44|93
44|17
44|82
44|78
44|63
44|75
44|84
44|39
44|85
59|24
59|82
59|95
59|45
59|56
59|61
59|32
59|29
59|42
59|98
59|79
59|21
59|99
59|93
59|84
59|58
59|92
59|28
59|25
59|54
79|57
79|46
79|24
79|86
79|13
79|11
79|37
79|56
79|36
79|17
79|78
79|48
79|55
79|16
79|49
79|19
79|95
79|32
79|85
99|76
99|57
99|46
99|16
99|29
99|13
99|95
99|28
99|32
99|56
99|86
99|19
99|11
99|49
99|18
99|24
99|37
99|44
86|59
86|39
86|17
86|75
86|98
86|85
86|93
86|51
86|21
86|25
86|53
86|78
86|84
86|45
86|82
86|31
86|42
98|28
98|25
98|84
98|51
98|42
98|71
98|61
98|21
98|55
98|45
98|24
98|92
98|54
98|33
98|58
98|56
46|16
46|37
46|53
46|59
46|39
46|36
46|63
46|78
46|31
46|86
46|18
46|11
46|85
46|73
46|17
56|48
56|78
56|13
56|44
56|49
56|57
56|18
56|46
56|19
56|63
56|76
56|28
56|16
56|95
85|73
85|98
85|17
85|53
85|31
85|75
85|93
85|18
85|48
85|11
85|42
85|82
85|35
93|51
93|35
93|28
93|29
93|42
93|45
93|55
93|71
93|32
93|98
93|84
93|25
32|18
32|36
32|46
32|16
32|95
32|75
32|76
32|49
32|63
32|86
32|24
35|46
35|37
35|29
35|49
35|58
35|55
35|99
35|76
35|95
35|44
45|19
45|95
45|61
45|56
45|28
45|21
45|35
45|92
45|55
37|31
37|17
37|73
37|98
37|45
37|13
37|82
37|78
18|78
18|98
18|42
18|82
18|93
18|92
18|58
13|25
13|16
13|57
13|48
13|73
13|53
53|59
53|73
53|29
53|39
53|33
63|85
63|53
63|18
63|78
42|84
42|99
42|46
29|56
29|17
19|93